Ticker,AXP,BAC,BK,BLK,C,GS,JPM,MS,PNC,SCHW,USB,WFC
AXP,1.0,0.7137317207804226,0.6603985792637292,0.6114522072682407,0.7110234030899917,0.6867831726221375,0.7295100198827222,0.6959976262633294,0.7074106743184074,0.5696529146341575,0.6923589075721133,0.6855405387774477
BAC,0.7137317207804226,1.0,0.7843697822327633,0.6839165995993304,0.8745599218739186,0.8249345103562723,0.8922786352693917,0.8361194403885059,0.8558443383699367,0.7332604660073466,0.8202718580071836,0.8327812132324771
BK,0.6603985792637292,0.7843697822327633,1.0,0.6619913212264606,0.7592371063323033,0.7170550121681817,0.75944526433525,0.7465566284463586,0.7492333916835394,0.6990921421989561,0.7450377959033739,0.6984974284956919
BLK,0.6114522072682407,0.6839165995993304,0.6619913212264606,1.0,0.670146601872415,0.6851550064858666,0.6839821882329653,0.714943491286247,0.6794796948013547,0.6123737969107093,0.624214714237106,0.6165558860796214
C,0.7110234030899917,0.8745599218739186,0.7592371063323033,0.670146601872415,1.0,0.8183450924855096,0.8618501972041404,0.8179748741334266,0.8079127619844293,0.6525948806237662,0.7903627559154827,0.7987630256450327
GS,0.6867831726221375,0.8249345103562723,0.7170550121681817,0.6851550064858666,0.8183450924855096,1.0,0.827673305355186,0.8652180363148811,0.761876733446485,0.6641604471607502,0.7250420380383923,0.7525595884616558
JPM,0.7295100198827222,0.8922786352693917,0.75944526433525,0.6839821882329653,0.8618501972041404,0.827673305355186,1.0,0.8251870213721118,0.8401029554678884,0.6761991366601547,0.7984367025193028,0.8128990310407543
MS,0.6959976262633294,0.8361194403885059,0.7465566284463586,0.714943491286247,0.8179748741334266,0.8652180363148811,0.8251870213721118,1.0,0.7797055801413424,0.7189569900378037,0.7387190796993447,0.7543132293404342
PNC,0.7074106743184074,0.8558443383699367,0.7492333916835394,0.6794796948013547,0.8079127619844293,0.761876733446485,0.8401029554678884,0.7797055801413424,1.0,0.6909492871693825,0.857609876395353,0.8046769800332146
SCHW,0.5696529146341575,0.7332604660073466,0.6990921421989561,0.6123737969107093,0.6525948806237662,0.6641604471607502,0.6761991366601547,0.7189569900378037,0.6909492871693825,1.0,0.6721097420938038,0.652587142761098
USB,0.6923589075721133,0.8202718580071836,0.7450377959033739,0.624214714237106,0.7903627559154827,0.7250420380383923,0.7984367025193028,0.7387190796993447,0.857609876395353,0.6721097420938038,1.0,0.8021732954048003
WFC,0.6855405387774477,0.8327812132324771,0.6984974284956919,0.6165558860796214,0.7987630256450327,0.7525595884616558,0.8128990310407543,0.7543132293404342,0.8046769800332146,0.652587142761098,0.8021732954048003,1.0
